%YAML:1.0
calibration_time: "07/04/11 16:41:39"
nframes: 29
image_width: 1280
image_height: 720
board_width: 10
board_height: 7
square_size: 2.3499999046325684e+000
flags: 0
camera_matrix: !!opencv-matrix
   rows: 3
   cols: 3
   dt: d
   data: [ 1.1695655098541806e+003, 0., 6.4021954013608831e+002, 0.,
       1.1681617080034912e+003, 3.9445679861269389e+002, 0., 0., 1. ]
distortion_coefficients: !!opencv-matrix
   rows: 5
   cols: 1
   dt: d
   data: [ 2.6841494346043832e-001, -1.2536264991327042e+000,
       -5.1949753225457767e-003, 3.4873327984947492e-003,
       1.6164704855540843e+000 ]
avg_reprojection_error: 3.2807012792565288e-001
per_view_reprojection_errors: !!opencv-matrix
   rows: 29
   cols: 1
   dt: f
   data: [ 3.81131828e-001, 2.82696605e-001, 3.52148265e-001,
       3.65177691e-001, 2.44466364e-001, 2.99539208e-001,
       3.81719649e-001, 2.79715598e-001, 2.19788492e-001,
       3.93492848e-001, 2.96130300e-001, 2.84331679e-001,
       2.66248316e-001, 4.04790401e-001, 3.08218300e-001,
       2.94389635e-001, 3.95363897e-001, 2.91143030e-001,
       4.16666090e-001, 2.86990434e-001, 3.96297008e-001,
       3.39870870e-001, 2.96680152e-001, 2.34294027e-001,
       2.45523453e-001, 3.51342857e-001, 3.56405944e-001,
       3.31020802e-001, 3.79935086e-001 ]
# a set of 6-tuples (rotation vector + translation vector) for each view
extrinsic_parameters: !!opencv-matrix
   rows: 29
   cols: 6
   dt: f
   data: [ 0., 1.17500000e+001, 1.17500000e+001, 0., 1.40999994e+001,
       1.17500000e+001, 0., 1.64499989e+001, 1.17500000e+001, 0.,
       1.87999992e+001, 1.17500000e+001, 0., 2.11499996e+001,
       1.17500000e+001, 0., 0., 1.40999994e+001, 0., 2.34999990e+000,
       1.40999994e+001, 0., 4.69999981e+000, 1.40999994e+001, 0.,
       7.04999971e+000, 1.40999994e+001, 0., 9.39999962e+000,
       1.40999994e+001, 0., 1.17500000e+001, 1.40999994e+001, 0.,
       1.40999994e+001, 1.40999994e+001, 0., 1.64499989e+001,
       1.40999994e+001, 0., 1.87999992e+001, 1.40999994e+001, 0.,
       2.11499996e+001, 1.40999994e+001, 0., 1.55953386e+026,
       4.12513569e-034, 0., 0., 0., 2.34999990e+000, 0., 0.,
       4.69999981e+000, 0., 0., 7.04999971e+000, 0., 0., 9.39999962e+000,
       0., 0., 1.17500000e+001, 0., 0., 1.40999994e+001, 0., 0.,
       1.64499989e+001, 0., 0., 1.87999992e+001, 0., 0., 2.11499996e+001,
       0., 0., 0., 2.34999990e+000, 0., 2.34999990e+000, 2.34999990e+000,
       0., 4.69999981e+000, 2.34999990e+000, 0., 7.04999971e+000,
       2.34999990e+000, 0., 9.39999962e+000, 2.34999990e+000, 0.,
       1.17500000e+001, 2.34999990e+000, 0., 1.40999994e+001,
       2.34999990e+000, 0., 1.64499989e+001, 2.34999990e+000, 0.,
       1.87999992e+001, 2.34999990e+000, 0., 2.11499996e+001,
       2.34999990e+000, 0., 0., 4.69999981e+000, 0., 2.34999990e+000,
       4.69999981e+000, 0., 4.69999981e+000, 4.69999981e+000, 0.,
       7.04999971e+000, 4.69999981e+000, 0., 9.39999962e+000,
       4.69999981e+000, 0., 1.17500000e+001, 4.69999981e+000, 0.,
       1.40999994e+001, 4.69999981e+000, 0., 1.64499989e+001,
       4.69999981e+000, 0., 1.87999992e+001, 4.69999981e+000, 0.,
       2.11499996e+001, 4.69999981e+000, 0., 0., 7.04999971e+000, 0.,
       2.34999990e+000, 7.04999971e+000, 0., 4.69999981e+000,
       7.04999971e+000, 0., 7.04999971e+000, 7.04999971e+000, 0.,
       9.39999962e+000, 7.04999971e+000, 0., 1.17500000e+001,
       7.04999971e+000, 0., 1.40999994e+001, 7.04999971e+000, 0.,
       1.64499989e+001, 7.04999971e+000, 0., 1.87999992e+001,
       7.04999971e+000, 0., 2.11499996e+001, 7.04999971e+000, 0., 0.,
       9.39999962e+000, 0., 2.34999990e+000, 9.39999962e+000, 0. ]
image_points: !!opencv-matrix
   rows: 29
   cols: 70
   dt: "2f"
   data: [ 2.58688049e+002, 2.95565979e+002, 2.93700317e+002,
       2.90508545e+002, 3.29007202e+002, 2.85299194e+002,
       3.64815826e+002, 2.80043030e+002, 4.01618103e+002,
       2.75106567e+002, 4.38306519e+002, 2.69854431e+002,
       4.75095642e+002, 2.64238831e+002, 5.12510010e+002,
       2.58536865e+002, 5.50410645e+002, 2.52810379e+002,
       5.88403992e+002, 2.46673615e+002, 2.56138824e+002,
       3.30555725e+002, 2.91466492e+002, 3.25530548e+002,
       3.26900299e+002, 3.20367767e+002, 3.63315826e+002,
       3.15250183e+002, 4.00459625e+002, 3.10660156e+002,
       4.37765350e+002, 3.05587006e+002, 4.74788177e+002,
       3.00350861e+002, 5.12702942e+002, 2.94701019e+002,
       5.50817383e+002, 2.89029938e+002, 5.89447388e+002,
       2.82929474e+002, 2.53256210e+002, 3.66231934e+002,
       2.88836884e+002, 3.61423401e+002, 3.24948914e+002,
       3.56222351e+002, 3.61666199e+002, 3.51492645e+002,
       3.99468536e+002, 3.46891144e+002, 4.37139221e+002,
       3.42110748e+002, 4.74632263e+002, 3.36922028e+002,
       5.12864990e+002, 3.31534607e+002, 5.51485718e+002,
       3.25862122e+002, 5.90339966e+002, 3.20120819e+002,
       2.50478851e+002, 4.02639587e+002, 2.86467194e+002,
       3.97957001e+002, 3.22826416e+002, 3.93112122e+002,
       3.60252289e+002, 3.88523224e+002, 3.98372162e+002,
       3.84220551e+002, 4.36453674e+002, 3.79370819e+002,
       4.74482788e+002, 3.74457977e+002, 5.13176331e+002,
       3.69090546e+002, 5.52124695e+002, 3.63777588e+002,
       5.91514709e+002, 3.58241852e+002, 2.47514679e+002,
       4.40032654e+002, 2.83805298e+002, 4.35430786e+002,
       3.20722290e+002, 4.30743561e+002, 3.58688538e+002,
       4.26425842e+002, 3.97151276e+002, 4.22177063e+002,
       4.35663300e+002, 4.17527130e+002, 4.74235138e+002,
       4.12680511e+002, 5.13358948e+002, 4.07651794e+002,
       5.52773376e+002, 4.02549561e+002, 5.92678040e+002,
       3.97190613e+002, 2.44445297e+002, 4.78152191e+002,
       2.81261719e+002, 4.73785583e+002, 3.18532471e+002,
       4.69447937e+002, 3.57002747e+002, 4.65249878e+002,
       3.95910919e+002, 4.61014618e+002, 4.34720856e+002,
       4.56502380e+002, 4.73620544e+002, 4.51829559e+002,
       5.13471375e+002, 4.46982483e+002, 5.53483032e+002,
       4.42246094e+002, 5.93859985e+002, 4.37158875e+002,
       2.41306427e+002, 5.17146606e+002, 2.78484985e+002,
       5.13178711e+002, 3.16277954e+002, 5.08965057e+002,
       3.55230499e+002, 5.04890198e+002, 3.94335358e+002,
       5.00814301e+002, 4.33647308e+002, 4.96497711e+002,
       4.73221954e+002, 4.92006775e+002, 5.13445618e+002,
       4.87536194e+002, 5.54131348e+002, 4.82942169e+002,
       5.95068359e+002, 4.78134644e+002, 1.54909470e+002,
       1.79633133e+002, 2.20666016e+002, 1.76091934e+002,
       2.86879242e+002, 1.72845428e+002, 3.53933960e+002,
       1.69969955e+002, 4.21021149e+002, 1.67496124e+002,
       4.87865356e+002, 1.64580185e+002, 5.54028137e+002,
       1.61563644e+002, 6.20781494e+002, 1.58300812e+002,
       6.87535889e+002, 1.55080551e+002, 7.54356689e+002,
       1.51346695e+002, 1.54892136e+002, 2.44898544e+002,
       2.21113708e+002, 2.41472366e+002, 2.87963440e+002,
       2.38329514e+002, 3.55663666e+002, 2.35662781e+002,
       4.23121185e+002, 2.33211945e+002, 4.90302521e+002,
       2.30379990e+002, 5.56551880e+002, 2.27273819e+002,
       6.23671143e+002, 2.24067688e+002, 6.90574951e+002,
       2.20771942e+002, 7.57633484e+002, 2.16944962e+002,
       1.54891785e+002, 3.10758972e+002, 2.21593323e+002,
       3.07623993e+002, 2.89065186e+002, 3.04450653e+002,
       3.57356232e+002, 3.01778931e+002, 4.25323120e+002,
       2.99154388e+002, 4.92621765e+002, 2.96419586e+002,
       5.59079590e+002, 2.93194611e+002, 6.26439880e+002,
       2.90141541e+002, 6.93602234e+002, 2.86765106e+002,
       7.61063171e+002, 2.83109375e+002, 1.55009293e+002,
       3.77530975e+002, 2.22104187e+002, 3.74637421e+002,
       2.90083252e+002, 3.71319855e+002, 3.58839966e+002,
       3.68590851e+002, 4.27249298e+002, 3.65808868e+002,
       4.94916992e+002, 3.62838196e+002, 5.61823669e+002,
       3.59563934e+002, 6.29350159e+002, 3.56494476e+002,
       6.97048462e+002, 3.53155518e+002, 7.64686707e+002,
