%YAML:1.0
calibration_time: "06/27/11 01:05:43"
nframes: 15
image_width: 1280
image_height: 720
board_width: 10
board_height: 7
square_size: 2.4000000953674316e+000
flags: 0
camera_matrix: !!opencv-matrix
   rows: 3
   cols: 3
   dt: d
   data: [ 1.1442471246455027e+003, 0., 6.4812020158754228e+002, 0.,
       1.1443391554606812e+003, 3.8794788696276186e+002, 0., 0., 1. ]
distortion_coefficients: !!opencv-matrix
   rows: 5
   cols: 1
   dt: d
   data: [ 2.0156935445340091e-001, -1.0814314304293935e+000,
       -6.7653166226057113e-003, 3.7355841949211124e-003,
       1.7023014402148473e+000 ]
avg_reprojection_error: 3.4880936212493235e-001
per_view_reprojection_errors: !!opencv-matrix
   rows: 15
   cols: 1
   dt: f
   data: [ 3.54123831e-001, 2.81160563e-001, 3.10298234e-001,
       4.38771516e-001, 4.49284703e-001, 3.12982470e-001,
       2.71794260e-001, 2.59105146e-001, 2.63758242e-001,
       3.49278659e-001, 2.77234882e-001, 3.99508119e-001,
       4.16164786e-001, 2.93393046e-001, 4.51258600e-001 ]
# a set of 6-tuples (rotation vector + translation vector) for each view
extrinsic_parameters: !!opencv-matrix
   rows: 15
   cols: 6
   dt: d
   data: [ 3.3788194196402482e-001, 5.6124173969432301e-001,
       3.0408112613638774e+000, 2.2524092518647151e+001,
       8.3733851451319943e+000, 6.2320041604342499e+001,
       4.7836719656882021e-001, 3.8850111235124107e-001,
       3.0443094152124903e+000, 1.0260307571654042e+001,
       6.7506480496452816e+000, 4.7168857975091811e+001,
       -2.3256013993970995e-001, -2.1170917419342078e-001,
       -8.9877648949347244e-002, -6.6056255007528284e+000,
       -9.3646339488001207e+000, 5.7965904594865421e+001,
       -4.7296360440103630e-001, -1.5917868802233601e-001,
       -1.3203309860092163e-001, -4.6954764374523359e+000,
       -9.4685532338269667e+000, 5.5156081432184529e+001,
       -4.5005605231659412e-001, -9.9468753465909616e-003,
       -9.4943216626634763e-001, -1.1410180846304257e+001,
       1.4856428743526953e+000, 5.4093467960707876e+001,
       -1.2006748464593915e-001, -9.0030854870308846e-002,
       -7.2204589999085439e-002, -1.3713631471066330e+001,
       -1.2788629770338021e+001, 7.9964644347666066e+001,
       -7.2242648503527893e-002, 1.0493321262435894e-001,
       3.0780186064947079e-001, 1.2077627337359161e+001,
       -1.4547329525176199e+001, 8.2167399280634683e+001,
       -7.1003906963186225e-001, 2.5016274144635342e-001,
       -1.5722816664546000e+000, -3.2135366287402918e+000,
       9.8045774355704580e+000, 8.3730779657426183e+001,
       3.0642684185860974e-001, 5.1961977272330340e-001,
       2.9806692368392707e+000, 3.5409331857364079e-001,
       -8.8282324128280329e+000, 7.9313969779008815e+001,
       -8.7586273902038450e-002, -5.4611897992328984e-001,
       -2.8906256035101503e+000, 3.6111281680327686e+001,
       -5.6978424237710081e+000, 7.9464468614113187e+001,
       2.4882513035264861e-001, -6.3743521808315717e-001,
       -2.7743106532562609e+000, -2.0750503373607604e+001,
       5.2102427378091978e+000, 9.3106919788275363e+001,
       -2.8020163342808085e-001, 4.4426623512004498e-001,
       1.4910292535149945e+000, 1.4856120795232234e+001,
       -8.5455736116181207e+000, 7.9833745606021168e+001,
       -1.9105153501666658e-001, 3.8336410164332485e-001,
       1.8135670510686324e+000, -1.8266713068432470e+001,
       -7.3038837389727309e+000, 7.9240722556172628e+001,
       1.4811259472170296e-001, 5.8340248722145482e-001,
       3.0306559435083891e+000, 8.3008277357779523e+000,
       4.9090765863266910e+000, 6.1916596137637974e+001,
       1.2523904700864244e-001, -1.0315265399166715e-001,
       -3.1312390868266369e+000, 9.1997685513727987e+000,
       5.4810342251005268e+000, 3.6599380786803664e+001 ]
image_points: !!opencv-matrix
   rows: 15
   cols: 70
   dt: "2f"
   data: [ 1.06816809e+003, 5.42517822e+002, 1.02126147e+003,
       5.44458252e+002, 9.75042969e+002, 5.46604919e+002,
       9.28822327e+002, 5.48409607e+002, 8.84077026e+002,
       5.49670288e+002, 8.40163574e+002, 5.51307922e+002,
       7.97421204e+002, 5.52753052e+002, 7.55380676e+002,
       5.54342773e+002, 7.13998718e+002, 5.55739746e+002,
       6.73438477e+002, 5.57417419e+002, 1.06285583e+003,
       4.99425476e+002, 1.01654126e+003, 5.01740967e+002,
       9.71030151e+002, 5.04247559e+002, 9.25283203e+002,
       5.06261902e+002, 8.81224182e+002, 5.07866547e+002,
       8.37822449e+002, 5.09814636e+002, 7.95779358e+002,
       5.11648102e+002, 7.54227417e+002, 5.13522949e+002,
       7.13436462e+002, 5.15355408e+002, 6.73322815e+002,
       5.17169800e+002, 1.05769409e+003, 4.57222809e+002,
       1.01206543e+003, 4.59688507e+002, 9.66774292e+002,
       4.62464081e+002, 9.21894470e+002, 4.64885834e+002,
       8.78472168e+002, 4.66992249e+002, 8.35795410e+002,
       4.69150757e+002, 7.94156982e+002, 4.71432922e+002,
       7.53235962e+002, 4.73543457e+002, 7.12766235e+002,
       4.75548615e+002, 6.73187195e+002, 4.77455353e+002,
       1.05272717e+003, 4.16344147e+002, 1.00763892e+003,
       4.19253876e+002, 9.63160706e+002, 4.22230499e+002,
       9.18748047e+002, 4.25016876e+002, 8.75724487e+002,
       4.27428467e+002, 8.33627686e+002, 4.30057831e+002,
       7.92634521e+002, 4.32570007e+002, 7.52243774e+002,
       4.35068237e+002, 7.12291016e+002, 4.37385223e+002,
       6.73346069e+002, 4.39596954e+002, 1.04784680e+003,
       3.76558624e+002, 1.00332300e+003, 3.79700958e+002,
       9.59492676e+002, 3.83072296e+002, 9.15661011e+002,
       3.86176666e+002, 8.73387573e+002, 3.88899109e+002,
       8.31717590e+002, 3.91776917e+002, 7.91194885e+002,
       3.94739258e+002, 7.51286682e+002, 3.97388641e+002,
       7.11838013e+002, 4.00183380e+002, 6.73421814e+002,
       4.02800995e+002, 1.04314587e+003, 3.37415161e+002,
       9.99325928e+002, 3.40899597e+002, 9.55822632e+002,
       3.44541077e+002, 9.12763062e+002, 3.47886871e+002,
       8.70893860e+002, 3.51065338e+002, 8.29833008e+002,
       3.54359100e+002, 7.89725952e+002, 3.57291901e+002,
       7.50392334e+002, 3.60440155e+002, 7.11432190e+002,
       3.63260468e+002, 6.73367859e+002, 3.65960999e+002,
       1.03862451e+003, 2.99483490e+002, 9.95233521e+002,
       3.03329041e+002, 9.52558044e+002, 3.07306183e+002,
       9.09993103e+002, 3.10936310e+002, 8.68682495e+002,
       3.14475677e+002, 8.28024902e+002, 3.17848419e+002,
       7.88664490e+002, 3.20990448e+002, 7.49481812e+002,
       3.24407959e+002, 7.11121582e+002, 3.27484100e+002,
       6.73367249e+002, 3.30538971e+002, 8.99521912e+002,
       5.52359680e+002, 8.40052124e+002, 5.53685059e+002,
       7.83013733e+002, 5.55654663e+002, 7.27142578e+002,
       5.57315552e+002, 6.73538879e+002, 5.58520569e+002,
       6.21757324e+002, 5.60188416e+002, 5.71470825e+002,
       5.61672119e+002, 5.22364075e+002, 5.63411926e+002,
       4.74336395e+002, 5.65027466e+002, 4.27757263e+002,
       5.66683289e+002, 8.96499634e+002, 4.94364075e+002,
       8.37679504e+002, 4.96750885e+002, 7.81502930e+002,
       4.99543915e+002, 7.26261292e+002, 5.01944550e+002,
       6.73592712e+002, 5.04038452e+002, 6.22292908e+002,
       5.06387085e+002, 5.72583618e+002, 5.08609009e+002,
       5.23982788e+002, 5.10993408e+002, 4.76606293e+002,
       5.13259033e+002, 4.30255249e+002, 5.15366699e+002,
       8.93448242e+002, 4.37469055e+002, 8.35612427e+002,
       4.40775970e+002, 7.79913513e+002, 4.44412323e+002,
       7.25433044e+002, 4.47545837e+002, 6.73411194e+002,
       4.50491943e+002, 6.22830200e+002, 4.53439453e+002,
       5.73630127e+002, 4.56471130e+002, 5.25600891e+002,
       4.59409943e+002, 4.78490326e+002, 4.62053497e+002,
       4.32296295e+002, 4.64668823e+002, 8.90772034e+002,
       3.82231720e+002, 8.33603943e+002, 3.86651581e+002,
       7.78593384e+002, 3.90932068e+002, 7.24778381e+002,
       3.95092102e+002, 6.73281616e+002, 3.98664093e+002,
       6.23228821e+002, 4.02406769e+002, 5.74685852e+002,
